0.724294186285 5.385000000000
0.778772668353 5.763316720461
0.833251150421 6.097105518120
0.887729632489 6.385828889896
0.942208114557 6.632992024582
0.996686596625 6.848148028383
1.051165078693 7.036080399910
1.105643560761 7.196886277299
1.160122042829 7.329330149702
1.214600524897 7.435450341508
1.269079006965 7.511285661743
1.323557489033 7.557096799428
1.378035971101 7.614937537388
1.432514453169 7.697459952410
1.486992935237 7.776047452352
1.541471417305 7.820377989280
1.595949899373 7.860921604131
1.650428381441 7.887541672141
1.704906863509 7.881468913810
1.759385345577 7.850160761863
1.813863827645 7.780429219401
1.868342309713 7.669863126734
1.922820791781 7.515741688371
1.977299273849 7.315678967596
2.031777755917 7.089833531636
2.086256237985 6.860489402380
2.140734720053 6.645788788865
2.195213202120 6.463549630164
2.249691684188 6.315341026439
2.304170166256 6.133233103089
2.358648648324 5.888492050074
2.413127130392 5.599000000000
0.687083766633 6.294000000000
0.744999984318 6.690660267829
0.802916202003 7.057487964669
0.860832419688 7.366412339885
0.918748637372 7.609534478657
0.976664855057 7.803348854137
1.034581072742 7.955425401266
1.092497290427 8.069962768342
1.150413508112 8.168455274820
1.208329725797 8.255139338603
1.266245943482 8.318409697907
1.324162161167 8.364940485482
1.382078378852 8.394168122999
1.439994596537 8.397840315138
1.497910814222 8.404135925636
1.555827031907 8.443360475718
1.613743249592 8.486452978976
1.671659467277 8.504289473812
1.729575684962 8.504024099854
1.787491902647 8.479762492564
1.845408120332 8.425192125969
1.903324338017 8.348670690746
1.961240555702 8.239235405082
2.019156773387 8.106555029343
2.077072991072 8.016895474477
2.134989208757 7.936386518351
2.192905426442 7.806603240590
2.250821644127 7.635888151302
2.308737861812 7.428857049537
2.366654079497 7.165857499804
2.424570297182 6.844241118225
2.482486514867 6.563000000000
0.635840899794 6.730000000000
0.698588301450 7.130498800872
0.761335703107 7.472908614714
0.824083104763 7.764569710302
0.886830506420 8.004688931922
0.949577908076 8.173180251037
1.012325309732 8.292818571377
1.075072711389 8.406437136360
1.137820113045 8.511456615018
1.200567514701 8.609722969297
1.263314916358 8.715236205076
1.326062318014 8.812168016364
1.388809719671 8.895188534348
1.451557121327 8.971234397530
1.514304522983 9.016324168443
1.577051924640 9.004104276441
1.639799326296 8.960255862088
1.702546727952 8.962408338102
1.765294129609 8.975617491654
1.828041531265 8.957236930911
1.890788932922 8.921497323575
1.953536334578 8.913025043831
2.016283736234 8.882915000034
2.079031137891 8.799747173331
2.141778539547 8.691154482313
2.204525941203 8.549401436045
2.267273342860 8.385276142464
2.330020744516 8.214329991565
2.392768146173 8.029758425295
2.455515547829 7.823697562808
2.518262949485 7.570657798042
2.581010351142 7.255000000000
2.742174054271 7.620000000000
2.673794306215 7.853193381378
2.605414558160 8.082585122092
2.537034810105 8.259456540023
2.468655062049 8.427269918528
2.400275313994 8.603484883819
2.331895565939 8.810784928483
2.263515817883 9.053843206673
2.195136069828 9.297752781465
2.126756321772 9.505355251798
2.058376573717 9.638526458074
1.989996825662 9.686255873575
1.921617077606 9.729667457853
1.853237329551 9.774888976931
1.784857581495 9.702255140109
1.716477833440 9.550515094406
1.648098085385 9.521804114192
1.579718337329 9.577908918991
1.511338589274 9.517280708960
1.442958841218 9.386460018985
1.374579093163 9.256283572077
1.306199345108 9.133562491700
1.237819597052 8.990474148279
1.169439848997 8.848673582023
1.101060100941 8.699448222241
1.032680352886 8.558520131357
0.964300604831 8.429704370895
0.895920856775 8.263762873143
0.827541108720 8.071869342461
0.759161360664 7.830910944697
0.690781612609 7.532925985312
0.622401864554 7.117000000000
2.981493601304 7.909000000000
2.905054373171 8.023775716788
2.828615145037 8.163003653118
2.752175916904 8.317111008347
2.675736688770 8.488216545138
2.599297460637 8.676434562425
2.522858232503 8.877323836700
2.446419004369 9.107512118448
2.369979776236 9.391238613723
2.293540548102 9.730323536168
2.217101319969 10.093747477135
2.140662091835 10.394636194001
2.064222863702 10.501326958350
1.987783635568 10.549830364396
1.911344407435 10.532551774098
1.834905179301 10.387118512337
1.758465951167 10.165888829994
1.682026723034 9.956395375521
1.605587494900 9.972718618039
1.529148266767 9.892007553899
1.452709038633 9.731257844775
1.376269810500 9.574218185206
1.299830582366 9.402757516441
1.223391354233 9.220723740125
1.146952126099 9.036793931014
1.070512897965 8.850444905366
0.994073669832 8.665989834281
0.917634441698 8.475815965602
0.841195213565 8.261451220726
0.764755985431 8.024657157426
0.688316757298 7.766712174313
0.611877529164 7.279000000000
3.112166402401 8.460000000000
3.031465755846 8.509607230334
2.950765109290 8.605955130392
2.870064462734 8.697506484733
2.789363816179 8.803442665145
2.708663169623 8.961104136065
2.627962523068 9.202285954090
2.547261876512 9.537454519391
2.466561229956 9.922521926175
2.385860583401 10.288842355793
2.305159936845 10.564367807261
2.224459290290 10.924732530206
2.143758643734 11.369424955444
2.063057997178 11.498240565868
1.982357350623 11.391850454176
1.901656704067 11.089648933643
1.820956057512 10.718052719772
1.740255410956 10.547194011767
1.659554764400 10.469586665763
1.578854117845 10.277229399482
1.498153471289 10.086306988618
1.417452824734 9.887921763855
1.336752178178 9.689273978874
1.256051531622 9.506181121888
1.175350885067 9.291195043851
1.094650238511 9.069388154478
1.013949591956 8.863164150277
0.933248945400 8.623014092182
0.852548298844 8.399473046381
0.771847652289 8.101195661917
0.691147005733 7.790820750797
0.610446359178 7.293000000000
0.607601472497 7.321000000000
0.686995937161 7.787154796616
0.766390401824 8.116580533261
0.845784866488 8.405317918558
0.925179331152 8.698489112443
1.004573795816 8.993306507797
1.083968260480 9.260390197695
1.163362725143 9.532523316542
1.242757189807 9.761224114901
1.322151654471 9.968761635646
1.401546119135 10.160598093550
1.480940583798 10.405761742663
1.560335048462 10.663687402246
1.639729513126 10.991686979959
1.719123977790 11.261998260958
1.798518442454 11.478748615511
1.877912907117 11.795665002075
1.957307371781 12.150491137597
2.036701836445 12.444464462898
2.116096301109 12.676483595703
2.195490765773 12.797287589112
2.274885230436 12.837437169539
2.354279695100 12.824560419653
2.433674159764 12.395746753673
2.513068624428 11.795684136839
2.592463089091 11.264752729717
2.671857553755 10.814031910408
2.751252018419 10.491950668560
2.830646483083 10.242290008017
2.910040947747 10.056819032120
2.989435412410 9.933351114334
3.068829877074 9.854000000000
